function [a] = Prob4_2(x)
    a = 5*x^4-4.8*x^3-57.55*x^2+9.112*x+0.994;
end